CENSUS TRACT,Total At/Above poverty level,Total Below poverty level,At/Above poverty level receiving benefits,At/Above not receiving benefits,Below poverty level receiving,Below Poverty Level not receiving
17031010100,1567,749,112,1455,321,428
17031010201,1979,709,323,1656,528,181
17031010202,889,213,147,742,85,128
17031010300,2571,466,265,2306,205,261
17031010400,1518,420,155,1363,122,298
17031010501,1967,458,251,1716,215,243
17031010502,1153,355,105,1048,75,280
17031010503,578,390,83,495,213,177
17031010600,2178,697,118,2060,247,450
17031010701,1196,263,144,1052,129,134
17031010702,1632,428,127,1505,279,149
17031020100,1352,204,116,1236,134,70
17031020200,1890,245,264,1626,88,157
17031020301,1712,313,100,1612,176,137
17031020302,1405,331,74,1331,159,172
17031020400,1403,266,105,1298,57,209
17031020500,1676,459,335,1341,258,201
17031020601,1626,353,277,1349,339,14
17031020602,1111,310,116,995,135,175
17031020701,595,36,34,561,23,13
17031020702,1960,383,449,1511,226,157
17031020801,1841,321,212,1629,223,98
17031020802,1863,460,420,1443,331,129
17031020901,1483,388,212,1271,261,127
17031020902,1271,345,192,1079,225,120
17031030101,1709,238,177,1532,105,133
17031030102,1480,288,45,1435,61,227
17031030103,768,148,15,753,13,135
17031030104,786,286,49,737,58,228
17031030200,2218,287,24,2194,25,262
17031030300,1129,353,150,979,144,209
17031030400,1091,216,113,978,127,89
17031030500,2816,102,104,2712,15,87
17031030601,1663,313,334,1329,154,159
17031030603,1090,325,56,1034,179,146
17031030604,1625,504,94,1531,205,299
17031030701,753,148,46,707,105,43
17031030702,1211,218,17,1194,52,166
17031030703,1290,473,102,1188,294,179
17031030706,1781,227,64,1717,98,129
17031030800,1789,160,66,1723,30,130
17031030900,1277,118,109,1168,6,112
17031031000,1912,93,102,1810,21,72
17031031100,1971,342,20,1951,74,268
17031031200,1877,859,318,1559,625,234
17031031300,3288,801,182,3106,471,330
17031031400,2760,255,44,2716,30,225
17031031501,1156,694,303,853,450,244
17031031502,1499,879,408,1091,533,346
17031031700,2754,777,107,2647,511,266
17031031800,881,85,29,852,21,64
17031031900,1174,86,21,1153,31,55
17031032100,2970,880,206,2764,486,394
17031040100,1512,91,54,1458,35,56
17031040201,2702,260,151,2551,51,209
17031040202,2310,651,314,1996,260,391
17031040300,1025,37,41,984,9,28
17031040401,1312,30,26,1286,12,18
17031040402,2338,208,92,2246,71,137
17031040600,1075,56,12,1063,0,56
17031040700,1446,118,25,1421,73,45
17031040800,777,30,29,748,2,28
17031040900,902,61,0,902,0,61
17031050100,1073,59,11,1062,0,59
17031050200,2117,89,139,1978,17,72
17031050300,992,103,22,970,36,67
17031050500,2059,56,25,2034,0,56
17031050600,1034,58,13,1021,11,47
17031050700,642,38,23,619,5,33
17031050800,584,24,13,571,8,16
17031050900,513,27,5,508,0,27
17031051000,657,57,6,651,17,40
17031051100,582,23,7,575,5,18
17031051200,586,10,0,586,6,4
17031051300,1096,18,0,1096,9,9
17031051400,726,52,18,708,11,41
17031060100,1181,53,24,1157,27,26
17031060200,995,126,15,980,19,107
17031060300,1303,24,40,1263,0,24
17031060400,1448,100,7,1441,6,94
17031060500,549,205,88,461,113,92
17031060800,2899,164,80,2819,0,164
17031060900,4381,299,69,4312,95,204
17031061000,964,110,0,964,20,90
17031061100,579,23,0,579,0,23
17031061200,726,55,17,709,0,55
17031061500,756,52,5,751,0,52
17031061800,616,81,4,612,4,77
17031061901,1912,282,35,1877,53,229
17031061902,2566,309,79,2487,52,257
17031062000,1479,67,9,1470,12,55
17031062100,1510,324,18,1492,100,224
17031062200,1131,103,7,1124,50,53
17031062300,667,31,6,661,0,31
17031062400,681,39,65,616,6,33
17031062500,643,69,10,633,11,58
17031062600,953,19,0,953,0,19
17031062700,1047,42,43,1004,8,34
17031062800,1391,57,22,1369,10,47
17031062900,1693,129,9,1684,6,123
17031063000,1679,114,8,1671,0,114
17031063100,1199,97,0,1199,19,78
17031063200,3912,302,12,3900,0,302
17031063301,1490,351,45,1445,141,210
17031063302,2469,241,0,2469,0,241
17031063303,841,66,6,835,10,56
17031063400,1073,88,0,1073,0,88
17031070101,2185,377,33,2152,36,341
17031070102,1711,148,7,1704,10,138
17031070103,1066,137,0,1066,0,137
17031070200,1796,240,46,1750,0,240
17031070300,1498,131,23,1475,9,122
17031070400,1295,283,138,1157,162,121
17031070500,1216,101,18,1198,23,78
17031070600,1186,73,9,1177,10,63
17031070700,1514,186,60,1454,71,115
17031071000,903,96,0,903,7,89
17031071100,1027,59,0,1027,0,59
17031071200,850,128,0,850,30,98
17031071300,1712,143,0,1712,0,143
17031071400,2410,398,57,2353,66,332
17031071500,3670,187,0,3670,0,187
17031071600,665,74,30,635,38,36
17031071700,639,20,4,635,7,13
17031071800,1048,72,50,998,37,35
17031080100,3735,270,0,3735,76,194
17031080201,2198,15,53,2145,0,15
17031080202,1965,273,15,1950,0,273
17031080300,2722,118,0,2722,28,90
17031080400,1347,515,253,1094,371,144
17031081000,3401,980,71,3330,513,467
17031081100,2210,548,11,2199,278,270
17031081201,2752,149,18,2734,0,149
17031081202,1687,48,0,1687,0,48
17031081300,2907,504,0,2907,0,504
17031081401,1325,176,14,1311,8,168
17031081402,2858,299,43,2815,34,265
17031081403,4707,652,0,4707,29,623
17031081500,2690,386,19,2671,35,351
17031081600,2405,258,12,2393,0,258
17031081700,2352,181,29,2323,45,136
17031081800,6041,174,0,6041,0,174
17031081900,325,86,43,282,57,29
17031090100,1340,65,17,1323,16,49
17031090200,2633,108,0,2633,26,82
17031090300,465,32,8,457,0,32
17031100100,1954,191,214,1740,24,167
17031100200,2540,329,22,2518,165,164
17031100300,2520,150,79,2441,0,150
17031100400,1127,126,24,1103,18,108
17031100500,2119,196,62,2057,112,84
17031100600,1807,92,176,1631,36,56
17031100700,1741,84,30,1711,3,81
17031110100,1845,242,89,1756,26,216
17031110200,1123,101,135,988,59,42
17031110300,1808,216,104,1704,103,113
17031110400,1682,165,22,1660,45,120
17031110501,1692,102,92,1600,29,73
17031110502,1425,114,184,1241,70,44
17031120100,1452,81,0,1452,30,51
17031120200,1680,98,40,1640,59,39
17031120300,2235,180,19,2216,0,180
17031120400,1145,111,91,1054,8,103
17031130100,1560,375,183,1377,175,200
17031130200,633,23,37,596,0,23
17031130300,1518,272,190,1328,107,165
17031140100,885,256,118,767,84,172
17031140200,1233,490,167,1066,260,230
17031140301,587,189,81,506,63,126
17031140302,1115,144,120,995,33,111
17031140400,2081,175,114,1967,50,125
17031140500,1152,145,176,976,41,104
17031140601,747,175,150,597,119,56
17031140602,1267,344,311,956,222,122
17031140701,950,116,90,860,41,75
17031140702,1747,329,121,1626,210,119
17031140800,2250,301,144,2106,153,148
17031150200,2446,455,185,2261,119,336
17031150300,2651,276,122,2529,66,210
17031150401,1651,187,204,1447,81,106
17031150402,1190,73,162,1028,0,73
17031150501,1336,81,39,1297,47,34
17031150502,1240,258,141,1099,65,193
17031150600,1260,134,71,1189,55,79
17031150700,1218,254,54,1164,74,180
17031150800,1572,105,251,1321,27,78
17031151001,719,184,76,643,72,112
17031151002,1396,171,159,1237,47,124
17031151100,1522,253,172,1350,105,148
17031151200,1084,133,51,1033,31,102
17031160100,862,131,68,794,67,64
17031160200,1109,94,47,1062,5,89
17031160300,1693,192,49,1644,63,129
17031160400,1611,217,106,1505,72,145
17031160501,1057,181,179,878,106,75
17031160502,1123,177,108,1015,74,103
17031160601,1219,103,55,1164,41,62
17031160602,1345,97,92,1253,18,79
17031160700,2024,254,115,1909,112,142
17031160800,1713,124,111,1602,61,63
17031160900,989,79,30,959,22,57
17031161000,756,67,23,733,15,52
17031161100,775,10,81,694,5,5
17031161200,858,100,69,789,21,79
17031161300,1297,153,65,1232,35,118
17031170100,919,128,56,863,37,91
17031170200,1155,46,89,1066,38,8
17031170300,1613,218,176,1437,25,193
17031170400,1346,161,43,1303,26,135
17031170500,1905,99,73,1832,20,79
17031170600,910,66,21,889,39,27
17031170700,1008,141,30,978,16,125
17031170800,1327,111,152,1175,13,98
17031170900,579,81,66,513,6,75
17031171000,2404,184,250,2154,29,155
17031171100,1158,124,42,1116,40,84
17031180100,1803,437,86,1717,65,372
17031190100,654,175,72,582,108,67
17031190200,1377,206,183,1194,74,132
17031190300,1462,284,138,1324,162,122
17031190401,1038,187,118,920,30,157
17031190402,1518,178,163,1355,8,170
17031190601,1037,179,44,993,54,125
17031190602,1286,136,208,1078,62,74
17031190701,623,160,146,477,86,74
17031190702,1076,372,212,864,207,165
17031190800,1639,369,381,1258,190,179
17031190900,513,201,96,417,133,68
17031191000,559,164,78,481,111,53
17031191100,1683,348,333,1350,190,158
17031191200,831,194,118,713,85,109
17031191301,1224,249,250,974,156,93
17031191302,1220,166,183,1037,89,77
17031200100,1151,170,110,1041,17,153
17031200200,1309,329,211,1098,168,161
17031200300,380,156,89,291,150,6
17031200401,839,179,243,596,77,102
17031200402,838,269,176,662,118,151
17031210100,1230,189,52,1178,32,157
17031210400,814,165,72,742,68,97
17031210501,990,262,106,884,176,86
17031210502,1082,352,103,979,138,214
17031210601,798,117,58,740,26,91
17031210602,1327,217,165,1162,134,83
17031210700,1284,252,169,1115,151,101
17031210800,371,13,20,351,0,13
17031210900,1090,155,47,1043,84,71
17031220300,816,75,15,801,9,66
17031220400,1018,72,30,988,36,36
17031220500,1106,88,42,1064,15,73
17031220601,601,89,71,530,21,68
17031220602,2041,419,211,1830,174,245
17031220701,948,120,96,852,50,70
17031220702,1209,158,116,1093,45,113
17031220901,726,258,112,614,148,110
17031220902,822,124,115,707,48,76
17031221000,818,195,90,728,63,132
17031221100,1541,390,109,1432,96,294
17031221200,1158,68,96,1062,34,34
17031221300,1094,221,83,1011,52,169
17031221400,1258,89,51,1207,25,64
17031221500,1166,159,56,1110,115,44
17031221600,1323,90,0,1323,12,78
17031222200,862,38,24,838,5,33
17031222500,402,125,27,375,63,62
17031222600,637,57,30,607,17,40
17031222700,699,131,42,657,92,39
17031222800,294,71,16,278,57,14
17031222900,299,32,52,247,32,0
17031230100,493,131,54,439,63,68
17031230200,455,156,32,423,82,74
17031230300,231,62,61,170,54,8
17031230400,511,156,80,431,84,72
17031230500,757,395,190,567,283,112
17031230600,1430,495,344,1086,327,168
17031230700,1388,327,289,1099,188,139
17031230800,282,75,46,236,43,32
17031230900,1281,506,169,1112,254,252
17031231100,257,109,72,185,56,53
17031231200,1333,587,450,883,381,206
17031231500,1058,750,460,598,424,326
17031240200,701,95,22,679,64,31
17031240300,550,31,38,512,4,27
17031240500,1241,43,31,1210,9,34
17031240600,579,33,25,554,0,33
17031240700,557,112,9,548,58,54
17031240800,488,131,27,461,60,71
17031240900,333,158,48,285,100,58
17031241000,548,172,53,495,117,55
17031241100,1271,247,80,1191,156,91
17031241200,660,67,64,596,33,34
17031241300,717,40,18,699,25,15
17031241400,2101,363,81,2020,222,141
17031241500,1218,128,26,1192,32,96
17031241600,1515,107,47,1468,17,90
17031242000,1628,482,184,1444,218,264
17031242100,1599,102,76,1523,11,91
17031242200,1505,112,9,1496,32,80
17031242300,1496,93,8,1488,0,93
17031242400,1188,102,38,1150,25,77
17031242500,1275,250,49,1226,101,149
17031242600,2190,314,176,2014,143,171
17031242700,573,171,62,511,83,88
17031242800,556,32,6,550,29,3
17031242900,774,19,24,750,0,19
17031243000,986,44,45,941,0,44
17031243100,805,102,50,755,48,54
17031243200,825,65,1,824,40,25
17031243300,1047,67,0,1047,24,43
17031243400,1164,129,81,1083,49,80
17031243500,1674,116,55,1619,66,50
17031250200,680,122,142,538,100,22
17031250300,1107,425,217,890,244,181
17031250400,1407,424,105,1302,173,251
17031250500,2559,216,250,2309,144,72
17031250600,1105,238,192,913,153,85
17031250700,1663,425,511,1152,183,242
17031250800,555,235,153,402,103,132
17031251000,251,90,64,187,53,37
17031251100,954,533,283,671,370,163
17031251200,896,258,229,667,158,100
17031251300,1034,341,354,680,187,154
17031251400,1301,435,250,1051,264,171
17031251500,768,555,233,535,397,158
17031251600,735,334,390,345,290,44
17031251700,280,86,120,160,37,49
17031251800,1077,557,435,642,364,193
17031251900,1003,656,221,782,443,213
17031252000,1355,934,297,1058,585,349
17031252101,378,227,30,348,158,69
17031252102,1613,578,369,1244,309,269
17031252201,725,252,173,552,174,78
17031252202,940,569,352,588,444,125
17031260100,243,288,106,137,161,127
17031260200,217,98,69,148,68,30
17031260300,364,173,112,252,160,13
17031260400,215,157,105,110,107,50
17031260500,289,261,96,193,167,94
17031260600,321,240,84,237,191,49
17031260700,302,222,136,166,204,18
17031260800,486,391,155,331,321,70
17031260900,271,124,104,167,90,34
17031261000,509,161,197,312,119,42
17031270500,248,356,112,136,306,50
17031271200,267,120,114,153,99,21
17031271300,209,156,39,170,128,28
17031271400,271,180,75,196,145,35
17031271500,303,179,80,223,137,42
17031271800,94,124,16,78,104,20
17031280100,3890,206,0,3890,50,156
17031280400,398,189,137,261,171,18
17031280800,213,145,72,141,113,32
17031280900,173,205,19,154,179,26
17031281900,2903,624,0,2903,0,624
17031282700,667,102,43,624,72,30
17031282800,542,121,36,506,35,86
17031283100,801,362,50,751,133,229
17031283200,506,151,90,416,64,87
17031283800,1301,357,165,1136,220,137
17031290900,794,356,279,515,336,20
17031291200,419,358,137,282,320,38
17031291600,218,82,41,177,0,82
17031292200,487,403,187,300,335,68
17031292400,397,212,70,327,145,67
17031292500,1067,320,409,658,230,90
17031300500,729,145,119,610,78,67
17031300600,549,226,88,461,123,103
17031300700,941,352,160,781,231,121
17031300800,669,434,229,440,324,110
17031300900,813,465,175,638,270,195
17031301100,530,239,140,390,132,107
17031301200,817,324,253,564,259,65
17031301600,949,346,269,680,216,130
17031301701,764,292,209,555,205,87
17031301702,855,234,193,662,71,163
17031301801,834,218,174,660,177,41
17031301802,644,222,141,503,128,94
17031301803,995,353,226,769,233,120
17031310200,567,82,35,532,24,58
17031310300,608,115,66,542,70,45
17031310400,450,72,41,409,0,72
17031310500,453,74,68,385,23,51
17031310600,1464,558,211,1253,289,269
17031310700,390,133,34,356,52,81
17031310800,1306,219,170,1136,66,153
17031310900,1294,391,126,1168,157,234
17031320100,7659,544,0,7659,0,544
17031320400,631,73,0,631,0,73
17031320600,2463,366,19,2444,76,290
17031330100,10465,1052,426,10039,589,463
17031330200,1519,340,55,1464,182,158
17031340300,427,272,57,370,126,146
17031340400,531,152,107,424,7,145
17031340500,529,323,69,460,171,152
17031340600,172,258,84,88,159,99
17031350100,1140,362,37,1103,27,335
17031350400,251,407,116,135,365,42
17031351000,1710,557,38,1672,121,436
17031351100,255,656,80,175,522,134
17031351400,399,390,114,285,372,18
17031351500,204,107,51,153,83,24
17031360200,440,217,151,289,125,92
17031380100,597,455,131,466,390,65
17031380200,794,363,165,629,256,107
17031380500,177,153,81,96,134,19
17031380700,335,102,112,223,47,55
17031381200,730,228,169,561,89,139
17031381400,552,139,136,416,67,72
17031381500,115,61,33,82,58,3
17031381700,0,0,0,0,0,0
17031381800,478,156,77,401,90,66
17031381900,400,127,118,282,72,55
17031390100,550,113,83,467,69,44
17031390200,731,87,72,659,38,49
17031390300,988,528,234,754,279,249
17031390400,1049,380,209,840,219,161
17031390500,578,175,22,556,62,113
17031390600,641,153,56,585,63,90
17031390700,2765,570,107,2658,17,553
17031400300,396,216,107,289,193,23
17031400400,616,164,191,425,113,51
17031400500,515,247,136,379,161,86
17031400800,531,596,269,262,483,113
17031410100,947,305,78,869,68,237
17031410200,498,175,16,482,38,137
17031410500,824,428,37,787,174,254
17031410600,754,315,80,674,41,274
17031410700,698,332,0,698,26,306
17031410800,1342,419,95,1247,122,297
17031410900,1528,297,58,1470,62,235
17031411000,1682,164,56,1626,0,164
17031411100,747,82,0,747,6,76
17031411200,564,154,15,549,44,110
17031420100,475,280,190,285,193,87
17031420200,392,214,89,303,146,68
17031420300,547,175,64,483,90,85
17031420400,335,376,66,269,202,174
17031420500,630,169,98,532,145,24
17031420600,508,425,125,383,290,135
17031420700,663,501,160,503,403,98
17031420800,556,258,201,355,176,82
17031421200,276,204,95,181,161,43
17031430101,1005,627,355,650,489,138
17031430102,1330,561,221,1109,275,286
17031430200,1527,852,452,1075,661,191
17031430300,463,468,125,338,335,133
17031430400,675,412,163,512,266,146
17031430500,741,844,252,489,616,228
17031430600,577,176,151,426,80,96
17031430700,721,514,143,578,226,288
17031430800,524,162,71,453,39,123
17031430900,455,226,79,376,113,113
17031431200,909,180,128,781,96,84
17031431301,813,440,137,676,277,163
17031431302,988,543,256,732,385,158
17031431400,2330,1006,544,1786,607,399
17031440101,1186,674,511,675,424,250
17031440102,1079,514,333,746,344,170
17031440201,1626,748,430,1196,556,192
17031440202,1200,412,157,1043,268,144
17031440300,1609,389,297,1312,280,109
17031440600,644,97,123,521,9,88
17031440700,534,73,134,400,27,46
17031440800,424,281,100,324,243,38
17031440900,689,243,292,397,180,63
17031450300,1197,176,217,980,76,100
17031460100,801,317,239,562,237,80
17031460200,519,309,129,390,218,91
17031460301,729,260,128,601,184,76
17031460302,835,311,263,572,230,81
17031460400,983,221,235,748,129,92
17031460500,2097,267,329,1768,97,170
17031460600,310,53,94,216,31,22
17031460700,490,431,130,360,377,54
17031461000,446,318,139,307,267,51
17031470100,766,280,223,543,136,144
17031480100,833,86,89,744,23,63
17031480200,434,76,84,350,14,62
17031480300,435,96,71,364,43,53
17031480400,1936,252,414,1522,78,174
17031480500,907,193,182,725,128,65
17031490300,746,136,125,621,63,73
17031490400,312,25,52,260,0,25
17031490500,590,129,149,441,85,44
17031490600,467,89,146,321,69,20
17031490700,702,193,185,517,138,55
17031490800,1165,305,215,950,215,90
17031490901,1074,323,300,774,232,91
17031490902,1523,327,367,1156,213,114
17031491000,661,451,298,363,389,62
17031491100,1091,295,174,917,138,157
17031491200,546,140,122,424,98,42
17031491300,391,237,136,255,175,62
17031491400,767,363,334,433,281,82
17031500100,1379,168,204,1175,20,148
17031500200,512,279,218,294,259,20
17031500300,547,182,57,490,72,110
17031510100,706,310,156,550,172,138
17031510200,857,255,92,765,93,162
17031510300,1541,406,410,1131,321,85
17031520100,422,62,124,298,55,7
17031520200,785,290,206,579,241,49
17031520300,1275,426,162,1113,306,120
17031520400,1127,176,167,960,139,37
17031520500,1379,169,95,1284,86,83
17031520600,675,120,50,625,51,69
17031530100,533,226,192,341,157,69
17031530200,883,350,241,642,262,88
17031530300,1229,255,181,1048,204,51
17031530400,631,106,118,513,95,11
17031530501,1196,327,301,895,209,118
17031530502,417,101,128,289,70,31
17031530503,1307,439,359,948,244,195
17031530600,717,233,196,521,233,0
17031540101,667,777,331,336,550,227
17031540102,434,682,202,232,490,192
17031550100,1845,558,115,1730,350,208
17031550200,972,83,65,907,0,83
17031560100,297,45,43,254,14,31
17031560200,519,102,70,449,73,29
17031560300,831,121,119,712,61,60
17031560400,394,61,29,365,17,44
17031560700,1098,122,140,958,10,112
17031560800,2019,96,97,1922,37,59
17031560900,1854,47,39,1815,9,38
17031561000,2049,51,81,1968,18,33
17031561100,1759,112,165,1594,41,71
17031570100,356,59,14,342,45,14
17031570200,506,104,42,464,52,52
17031570300,1398,273,184,1214,215,58
17031570400,504,24,41,463,19,5
17031570500,624,88,45,579,27,61
17031580100,678,128,86,592,79,49
17031580200,710,212,170,540,122,90
17031580300,615,86,155,460,43,43
17031580400,1213,331,111,1102,166,165
17031580501,1102,340,178,924,182,158
17031580502,1180,266,166,1014,113,153
17031580600,1234,206,161,1073,76,130
17031580700,1315,272,359,956,235,37
17031580800,470,98,97,373,49,49
17031590500,479,152,57,422,78,74
17031590600,981,197,213,768,106,91
17031590700,787,268,91,696,181,87
17031600400,1127,454,145,982,198,256
17031600600,881,222,156,725,70,152
17031600700,882,182,160,722,51,131
17031600900,1242,125,113,1129,26,99
17031610300,1124,546,391,733,286,260
17031610400,371,212,47,324,136,76
17031610800,499,41,72,427,30,11
17031611000,148,145,67,81,85,60
17031611100,539,214,121,418,168,46
17031611200,547,220,128,419,176,44
17031611300,642,211,177,465,143,68
17031611400,719,227,71,648,172,55
17031611500,616,321,110,506,192,129
17031611600,400,131,138,262,94,37
17031611700,361,193,110,251,142,51
17031611800,511,163,239,272,109,54
17031611900,365,190,91,274,159,31
17031612000,349,78,164,185,61,17
17031612100,276,78,127,149,71,7
17031620100,1091,113,108,983,66,47
17031620200,661,69,77,584,29,40
17031620300,1826,212,339,1487,101,111
17031620400,1060,159,148,912,63,96
17031630100,223,72,39,184,35,37
17031630200,463,136,97,366,93,43
17031630300,1070,179,365,705,119,60
17031630400,1341,429,350,991,241,188
17031630500,1231,305,315,916,197,108
17031630800,1486,227,352,1134,178,49
17031630900,1141,140,223,918,85,55
17031640100,421,65,40,381,34,31
17031640300,2250,128,93,2157,88,40
17031640400,1150,57,125,1025,10,47
17031640500,1462,87,180,1282,29,58
17031640600,1391,268,107,1284,160,108
17031640700,883,174,127,756,111,63
17031640800,496,48,76,420,26,22
17031650100,1089,179,203,886,99,80
17031650200,1800,304,309,1491,133,171
17031650301,1486,86,177,1309,56,30
17031650302,917,157,147,770,62,95
17031650400,1504,260,154,1350,145,115
17031650500,1270,176,67,1203,93,83
17031660301,388,147,121,267,117,30
17031660302,1199,283,252,947,222,61
17031660400,1219,240,408,811,86,154
17031660500,1022,331,178,844,174,157
17031660600,1518,558,388,1130,399,159
17031660700,485,123,180,305,76,47
17031660800,1375,288,349,1026,177,111
17031660900,910,487,370,540,377,110
17031661000,1324,548,326,998,264,284
17031661100,1591,326,184,1407,247,79
17031670100,285,100,105,180,70,30
17031670200,193,137,63,130,98,39
17031670300,306,121,61,245,71,50
17031670400,360,164,166,194,138,26
17031670500,251,99,120,131,44,55
17031670600,245,102,68,177,90,12
17031670700,288,68,90,198,60,8
17031670800,408,130,137,271,84,46
17031670900,316,171,86,230,135,36
17031671100,198,101,58,140,81,20
17031671200,199,108,84,115,85,23
17031671300,452,163,202,250,116,47
17031671400,307,175,62,245,134,41
17031671500,586,216,265,321,157,59
17031671600,519,188,178,341,151,37
17031671800,286,91,121,165,47,44
17031671900,262,43,52,210,24,19
17031672000,891,266,198,693,220,46
17031680500,263,186,69,194,133,53
17031680600,209,155,80,129,149,6
17031680900,962,758,336,626,569,189
17031681000,536,580,195,341,411,169
17031681100,527,406,247,280,226,180
17031681200,496,304,169,327,257,47
17031681300,477,247,142,335,165,82
17031681400,625,210,238,387,120,90
17031690300,362,426,129,233,355,71
17031690400,847,524,216,631,358,166
17031690500,191,130,52,139,82,48
17031690900,1185,484,283,902,315,169
17031691000,875,234,91,784,128,106
17031691100,612,459,164,448,406,53
17031691200,758,323,166,592,238,85
17031691300,741,325,137,604,220,105
17031691400,955,311,294,661,221,90
17031691500,400,373,200,200,248,125
17031700100,911,157,89,822,146,11
17031700200,1692,172,168,1524,63,109
17031700301,1592,151,290,1302,27,124
17031700302,1657,102,127,1530,16,86
17031700401,1566,318,313,1253,143,175
17031700402,1076,230,93,983,169,61
17031700501,2241,175,355,1886,85,90
17031700502,949,91,42,907,0,91
17031710100,277,212,32,245,150,62
17031710200,1252,483,304,948,322,161
17031710300,391,148,106,285,79,69
17031710400,1337,534,369,968,281,253
17031710500,1187,371,263,924,221,150
17031710600,464,188,105,359,134,54
17031710700,845,397,121,724,212,185
17031710800,1444,499,304,1140,311,188
17031710900,512,262,111,401,205,57
17031711000,718,299,224,494,203,96
17031711100,848,74,145,703,57,17
17031711200,1603,366,232,1371,266,100
17031711300,456,138,155,301,59,79
17031711400,642,189,72,570,133,56
17031711500,623,208,169,454,157,51
17031720100,1171,8,0,1171,0,8
17031720200,1462,158,23,1439,44,114
17031720300,1278,76,0,1278,0,76
17031720400,654,17,19,635,5,12
17031720500,752,30,4,748,0,30
17031720600,578,33,14,564,6,27
17031720700,1251,89,68,1183,12,77
17031730100,768,125,158,610,90,35
17031730201,1510,762,301,1209,368,394
17031730202,972,155,118,854,37,118
17031730300,338,82,52,286,52,30
17031730400,1206,152,210,996,100,52
17031730500,1196,321,82,1114,168,153
17031730600,945,234,127,818,111,123
17031730700,557,162,184,373,80,82
17031740100,1086,67,39,1047,27,40
17031740200,1761,154,68,1693,21,133
17031740300,1754,53,0,1754,0,53
17031740400,1803,73,58,1745,0,73
17031750100,1134,250,243,891,91,159
17031750200,1080,178,46,1034,82,96
17031750300,894,38,33,861,0,38
17031750400,1105,80,16,1089,12,68
17031750500,1715,353,129,1586,97,256
17031750600,858,399,157,701,234,165
17031760801,1873,255,171,1702,57,198
17031760802,1002,121,73,929,39,82
17031760803,2464,354,131,2333,184,170
17031770201,2579,201,143,2436,63,138
17031770202,2062,73,69,1993,28,45
17031770300,2748,68,59,2689,12,56
17031770400,1601,191,85,1516,71,120
17031770500,796,299,84,712,141,158
17031770601,979,72,98,881,22,50
17031770602,1292,264,134,1158,62,202
17031770700,998,97,42,956,31,66
17031770800,1797,184,145,1652,91,93
17031770901,1857,195,82,1775,28,167
17031770902,1315,89,40,1275,21,68
17031800100,856,19,7,849,0,19
17031800200,2254,105,36,2218,0,105
17031800300,1178,41,23,1155,0,41
17031800400,1177,63,0,1177,0,63
17031800500,1610,60,0,1610,0,60
17031800600,705,48,7,698,0,48
17031800700,1622,26,0,1622,0,26
17031800800,913,66,0,913,14,52
17031800900,1413,32,27,1386,18,14
17031801000,1791,140,29,1762,22,118
17031801100,1585,28,19,1566,0,28
17031801200,1222,74,0,1222,0,74
17031801300,1540,106,49,1491,51,55
17031801400,1009,31,0,1009,0,31
17031801500,2339,71,130,2209,0,71
17031801601,1692,83,8,1684,11,72
17031801603,1354,225,28,1326,23,202
17031801605,2202,14,15,2187,14,0
17031801606,2322,184,30,2292,0,184
17031801607,1936,134,36,1900,0,134
17031801608,2791,96,0,2791,0,96
17031801701,1214,23,9,1205,0,23
17031801702,1639,52,8,1631,0,52
17031801800,2183,167,16,2167,17,150
17031801901,1710,118,48,1662,7,111
17031801902,1099,37,7,1092,0,37
17031802002,1601,43,20,1581,0,43
17031802003,847,23,38,809,0,23
17031802004,1794,315,111,1683,132,183
17031802100,1074,74,17,1057,8,66
17031802200,1821,62,6,1815,0,62
17031802300,2045,212,0,2045,61,151
17031802402,1759,337,107,1652,156,181
17031802403,805,29,32,773,19,10
17031802404,2397,298,129,2268,159,139
17031802503,2108,295,172,1936,64,231
17031802504,1939,136,180,1759,24,112
17031802505,1978,388,316,1662,238,150
17031802506,729,61,48,681,24,37
17031802605,2660,111,138,2522,0,111
17031802607,474,5,5,469,0,5
17031802608,2767,242,51,2716,59,183
17031802609,2239,189,327,1912,69,120
17031802610,625,10,24,601,0,10
17031802701,2126,78,180,1946,37,41
17031802702,1615,163,28,1587,65,98
17031802801,1783,84,37,1746,8,76
17031802802,2153,143,17,2136,0,143
17031802900,1989,63,0,1989,0,63
17031803005,968,114,9,959,77,37
17031803007,1948,48,106,1842,0,48
17031803008,1587,80,43,1544,22,58
17031803010,1901,87,18,1883,10,77
17031803012,883,50,77,806,28,22
17031803013,2054,153,61,1993,58,95
17031803014,1259,98,94,1165,34,64
17031803015,1791,111,79,1712,8,103
17031803016,897,15,25,872,0,15
17031803017,2577,88,72,2505,74,14
17031803100,1125,96,9,1116,14,82
17031803200,2230,102,11,2219,18,84
17031803300,2458,300,13,2445,210,90
17031803400,2097,135,51,2046,42,93
17031803500,2084,164,25,2059,0,164
17031803603,2266,53,53,2213,16,37
17031803604,1780,65,44,1736,56,9
17031803605,2366,281,161,2205,175,106
17031803606,2315,461,221,2094,154,307
17031803607,1821,25,9,1812,0,25
17031803608,2539,310,142,2397,171,139
17031803610,2893,300,110,2783,37,263
17031803611,1871,166,91,1780,130,36
17031803612,956,272,114,842,112,160
17031803701,1275,103,33,1242,63,40
17031803702,2513,98,55,2458,38,60
17031803800,1657,105,61,1596,18,87
17031803901,1642,119,33,1609,32,87
17031803902,1213,62,16,1197,0,62
17031804000,1793,77,46,1747,14,63
17031804102,2498,32,18,2480,0,32
17031804104,1715,60,28,1687,13,47
17031804105,1211,44,0,1211,0,44
17031804106,2637,106,63,2574,14,92
17031804108,1814,86,88,1726,33,53
17031804109,1042,38,17,1025,18,20
17031804201,2602,186,46,2556,23,163
17031804202,2432,162,95,2337,141,21
17031804305,2294,110,229,2065,13,97
17031804306,1574,121,201,1373,40,81
17031804308,2312,124,130,2182,58,66
17031804309,893,47,58,835,28,19
17031804310,3019,118,128,2891,43,75
17031804311,2517,156,116,2401,27,129
17031804403,2145,285,66,2079,76,209
17031804404,1423,111,92,1331,42,69
17031804405,949,122,167,782,37,85
17031804406,1862,140,111,1751,113,27
17031804505,1226,170,61,1165,47,123
17031804506,1691,24,63,1628,17,7
17031804507,4008,196,115,3893,21,175
17031804508,598,137,63,535,105,32
17031804509,1542,79,175,1367,14,65
17031804510,1234,257,180,1054,92,165
17031804511,626,129,77,549,34,95
17031804603,2507,144,161,2346,59,85
17031804606,2437,63,43,2394,14,49
17031804607,2280,116,75,2205,82,34
17031804608,1296,128,41,1255,31,97
17031804609,2204,84,34,2170,0,84
17031804610,1069,77,26,1043,31,46
17031804611,1753,51,47,1706,10,41
17031804701,2253,222,92,2161,74,148
17031804705,1443,126,70,1373,44,82
17031804706,761,10,49,712,0,10
17031804709,2260,176,138,2122,46,130
17031804710,1455,54,85,1370,9,45
17031804711,2695,242,164,2531,73,169
17031804712,1747,68,66,1681,0,68
17031804713,1864,199,158,1706,13,186
17031804714,1176,76,42,1134,40,36
17031804715,947,109,160,787,58,51
17031804716,1533,66,82,1451,66,0
17031804803,2045,28,180,1865,0,28
17031804804,2297,205,56,2241,126,79
17031804805,2342,78,56,2286,10,68
17031804806,1031,70,52,979,13,57
17031804807,1636,103,92,1544,35,68
17031804808,789,29,12,777,4,25
17031804809,1336,98,5,1331,15,83
17031804810,2209,248,96,2113,98,150
17031804901,2413,55,27,2386,11,44
17031804902,1696,162,48,1648,25,137
17031805001,1719,62,35,1684,17,45
17031805002,2574,258,452,2122,70,188
17031805105,2280,259,210,2070,53,206
17031805106,1059,144,38,1021,18,126
17031805107,2605,252,306,2299,68,184
17031805108,2299,159,117,2182,37,122
17031805109,1460,198,72,1388,135,63
17031805110,1775,163,59,1716,47,116
17031805111,2520,268,439,2081,59,209
17031805112,1163,122,110,1053,15,107
17031805201,1136,28,21,1115,20,8
17031805202,1468,144,40,1428,29,115
17031805301,1001,118,79,922,59,59
17031805302,1190,85,97,1093,16,69
17031805401,1193,164,73,1120,26,138
17031805402,1641,149,29,1612,9,140
17031805501,1403,89,36,1367,0,89
17031805502,1462,79,7,1455,0,79
17031805600,1460,36,13,1447,0,36
17031805701,1886,65,7,1879,0,65
17031805702,689,14,25,664,10,4
17031805801,945,44,16,929,21,23
17031805802,1808,73,0,1808,23,50
17031805901,1703,110,43,1660,20,90
17031805902,1958,111,12,1946,61,50
17031806001,2031,299,151,1880,105,194
17031806002,2157,475,165,1992,245,230
17031806003,2578,303,303,2275,26,277
17031806004,2308,395,158,2150,202,193
17031806102,1238,141,83,1155,93,48
17031806103,1719,49,63,1656,22,27
17031806104,1459,293,327,1132,227,66
17031806201,2081,220,165,1916,35,185
17031806202,2117,348,87,2030,152,196
17031806300,1572,115,4,1568,37,78
17031806400,705,140,20,685,48,92
17031806501,633,93,90,543,19,74
17031806502,1368,95,84,1284,0,95
17031806600,1214,76,85,1129,14,62
17031806700,1434,36,46,1388,7,29
17031806801,1212,201,100,1112,25,176
17031806802,1043,40,64,979,0,40
17031806900,1975,242,279,1696,80,162
17031807000,1764,243,145,1619,68,175
17031807100,1146,40,16,1130,14,26
17031807200,1690,102,129,1561,30,72
17031807300,2388,432,232,2156,114,318
17031807400,1883,275,215,1668,53,222
17031807500,1066,11,27,1039,11,0
17031807600,1813,166,175,1638,16,150
17031807700,1757,382,130,1627,149,233
17031807800,799,30,47,752,3,27
17031807900,1247,99,10,1237,7,92
17031808001,1138,89,40,1098,13,76
17031808002,1547,140,86,1461,13,127
17031808100,1469,170,35,1434,36,134
17031808200,1687,154,169,1518,48,106
17031808301,2128,220,101,2027,18,202
17031808302,1401,67,81,1320,25,42
17031808400,1401,44,75,1326,0,44
17031808500,1215,92,39,1176,0,92
17031808600,685,18,8,677,13,5
17031808702,330,71,4,326,0,71
17031808800,1286,103,0,1286,0,103
17031808900,1547,77,6,1541,6,71
17031809000,1456,56,8,1448,0,56
17031809100,1338,67,4,1334,10,57
17031809200,1077,423,130,947,192,231
17031809300,974,682,59,915,26,656
17031809400,2069,557,0,2069,16,541
17031809500,1557,374,16,1541,50,324
17031809600,909,135,90,819,50,85
17031809700,1096,67,41,1055,31,36
17031809800,867,167,8,859,43,124
17031809900,1288,35,19,1269,0,35
17031810000,2474,238,0,2474,47,191
17031810100,1857,172,87,1770,94,78
17031810200,2389,175,225,2164,99,76
17031810301,1308,167,93,1215,46,121
17031810302,1059,77,50,1009,10,67
17031810400,1880,115,19,1861,16,99
17031810501,1714,130,57,1657,24,106
17031810502,1706,157,151,1555,48,109
17031810600,1590,257,54,1536,24,233
17031810701,1503,351,182,1321,116,235
17031810702,1260,214,201,1059,126,88
17031810800,1602,98,91,1511,34,64
17031810900,2385,177,208,2177,0,177
17031811000,1510,132,27,1483,0,132
17031811100,2173,298,209,1964,69,229
17031811200,1589,171,167,1422,39,132
17031811301,1273,164,171,1102,29,135
17031811302,810,276,103,707,143,133
17031811401,1582,159,157,1425,86,73
17031811402,1359,118,61,1298,28,90
17031811500,1892,135,104,1788,17,118
17031811600,1914,396,134,1780,109,287
17031811701,987,216,195,792,61,155
17031811702,1375,255,71,1304,132,123
17031811800,1324,164,177,1147,66,98
17031811900,1774,97,10,1764,36,61
17031812000,2033,61,20,2013,0,61
17031812100,1441,94,47,1394,9,85
17031812200,1256,40,11,1245,23,17
17031812301,2147,188,30,2117,18,170
17031812302,885,92,30,855,12,80
17031812400,1071,28,0,1071,9,19
17031812500,1274,276,71,1203,128,148
17031812600,1481,278,14,1467,55,223
17031812700,1394,152,91,1303,97,55
17031812801,1473,318,87,1386,196,122
17031812802,1169,124,85,1084,26,98
17031812900,1599,128,75,1524,47,81
17031813000,1316,98,52,1264,11,87
17031813100,1668,142,49,1619,46,96
17031813200,1471,81,94,1377,39,42
17031813301,660,204,131,529,148,56
17031813302,687,190,117,570,95,95
17031813400,1476,417,253,1223,190,227
17031813500,1594,256,238,1356,168,88
17031813600,1140,301,243,897,121,180
17031813701,746,225,143,603,191,34
17031813702,816,257,134,682,110,147
17031813801,659,95,118,541,31,64
17031813802,1190,223,257,933,148,75
17031813900,1246,324,244,1002,198,126
17031814000,1148,195,195,953,107,88
17031814100,1022,213,161,861,108,105
17031814200,1597,312,335,1262,191,121
17031814300,1036,273,243,793,138,135
17031814400,1858,417,308,1550,270,147
17031814500,1382,67,164,1218,38,29
17031814600,1380,293,142,1238,188,105
17031814700,1410,177,187,1223,115,62
17031814800,1888,143,184,1704,75,68
17031814900,1916,415,450,1466,128,287
17031815000,1131,136,196,935,73,63
17031815100,1175,142,154,1021,125,17
17031815200,1872,313,179,1693,187,126
17031815300,1164,102,128,1036,61,41
17031815400,1786,232,134,1652,116,116
17031815500,2276,274,252,2024,13,261
17031815600,1737,180,259,1478,77,103
17031815701,1254,41,27,1227,6,35
17031815702,1758,152,61,1697,80,72
17031815800,466,89,10,456,18,71
17031815900,2501,399,208,2293,220,179
17031816000,1435,169,45,1390,42,127
17031816100,2376,235,228,2148,69,166
17031816200,1280,270,39,1241,88,182
17031816300,1457,145,163,1294,82,63
17031816401,1156,206,183,973,132,74
17031816402,1039,123,113,926,12,111
17031816500,1017,304,158,859,176,128
17031816600,987,202,246,741,115,87
17031816700,656,153,78,578,80,73
17031816800,1707,163,199,1508,32,131
17031816900,1563,187,305,1258,100,87
17031817000,1533,173,181,1352,75,98
17031817101,1418,302,284,1134,147,155
17031817102,911,153,140,771,65,88
17031817200,1351,229,371,980,161,68
17031817300,475,339,56,419,205,134
17031817400,923,192,167,756,155,37
17031817500,938,352,289,649,267,85
17031817600,1108,128,350,758,55,73
17031817700,1462,193,329,1133,78,115
17031817900,2107,325,495,1612,122,203
17031818000,1340,194,124,1216,130,64
17031818100,802,45,32,770,8,37
17031818200,1532,157,107,1425,82,75
17031818300,1875,136,259,1616,104,32
17031818401,1231,90,53,1178,32,58
17031818402,1267,119,28,1239,0,119
17031818500,2262,150,39,2223,14,136
17031818600,1764,131,142,1622,78,53
17031818700,1219,118,47,1172,61,57
17031818800,2065,43,68,1997,15,28
17031818900,1726,94,55,1671,6,88
17031819000,1464,87,11,1453,0,87
17031819100,1571,155,147,1424,71,84
17031819200,1850,284,98,1752,108,176
17031819300,954,61,18,936,19,42
17031819400,1724,236,259,1465,93,143
17031819500,1214,107,95,1119,7,100
17031819600,1209,24,8,1201,0,24
17031819700,1783,61,43,1740,0,61
17031819801,1680,37,32,1648,0,37
17031819802,893,66,0,893,6,60
17031819900,1113,20,0,1113,0,20
17031820000,667,13,13,654,0,13
17031820101,2731,120,127,2604,0,120
17031820103,1360,83,83,1277,12,71
17031820104,1433,197,103,1330,93,104
17031820201,3109,53,110,2999,13,40
17031820202,1096,133,128,968,108,25
17031820300,1415,209,180,1235,132,77
17031820400,1296,348,246,1050,170,178
17031820501,1992,89,81,1911,0,89
17031820502,1491,234,158,1333,152,82
17031820603,1663,254,319,1344,167,87
17031820604,1209,316,173,1036,182,134
17031820605,1384,324,348,1036,138,186
17031820606,1345,129,11,1334,37,92
17031820700,2122,138,356,1766,123,15
17031820800,1051,90,132,919,64,26
17031820901,1612,216,196,1416,106,110
17031820902,1372,133,127,1245,46,87
17031821001,1499,132,179,1320,58,74
17031821002,1627,158,176,1451,83,75
17031821101,1251,201,203,1048,55,146
17031821102,1163,156,152,1011,104,52
17031821200,1856,346,337,1519,223,123
17031821300,1656,366,257,1399,253,113
17031821401,1245,284,266,979,89,195
17031821402,1266,182,75,1191,83,99
17031821500,439,225,105,334,152,73
17031821600,1407,184,134,1273,94,90
17031821700,1652,48,51,1601,0,48
17031821800,1768,166,70,1698,51,115
17031821900,1665,108,80,1585,21,87
17031822000,1585,133,134,1451,38,95
17031822101,1510,107,71,1439,41,66
17031822102,1625,294,88,1537,44,250
17031822200,1221,44,34,1187,9,35
17031822301,1024,198,54,970,69,129
17031822302,1326,205,171,1155,59,146
17031822400,1616,448,137,1479,188,260
17031822500,1455,120,106,1349,53,67
17031822601,1642,52,115,1527,19,33
17031822602,2516,237,214,2302,116,121
17031822701,1880,137,280,1600,30,107
17031822702,1287,157,76,1211,53,104
17031822801,1275,206,8,1267,30,176
17031822802,1154,89,64,1090,45,44
17031822900,641,33,53,588,27,6
17031823001,1988,441,365,1623,210,231
17031823002,1881,302,4,1877,208,94
17031823101,1444,231,207,1237,122,109
17031823102,1147,82,121,1026,36,46
17031823200,1563,160,95,1468,18,142
17031823302,2106,247,202,1904,77,170
17031823303,1313,245,92,1221,55,190
17031823304,2102,286,186,1916,161,125
17031823400,1453,310,225,1228,127,183
17031823500,1422,175,204,1218,119,56
17031823602,2530,312,148,2382,159,153
17031823603,445,169,64,381,88,81
17031823604,1311,53,41,1270,0,53
17031823605,1371,172,40,1331,22,150
17031823702,2069,321,99,1970,89,232
17031823703,2260,621,175,2085,335,286
17031823704,1298,23,33,1265,14,9
17031823705,1437,261,118,1319,74,187
17031823801,2139,137,21,2118,0,137
17031823803,2099,190,166,1933,96,94
17031823805,1260,133,33,1227,23,110
17031823806,1315,227,98,1217,120,107
17031823901,1439,54,59,1380,0,54
17031823903,1524,109,33,1491,34,75
17031823904,1577,43,0,1577,0,43
17031824003,1935,142,12,1923,0,142
17031824004,1937,178,139,1798,66,112
17031824005,1889,118,35,1854,63,55
17031824006,1421,76,0,1421,22,54
17031824105,2248,114,109,2139,32,82
17031824106,2501,112,121,2380,64,48
17031824107,2498,105,64,2434,0,105
17031824108,2349,264,16,2333,171,93
17031824113,2238,115,149,2089,16,99
17031824114,1805,82,9,1796,0,82
17031824115,1321,103,113,1208,13,90
17031824116,1968,212,186,1782,136,76
17031824117,3264,121,129,3135,14,107
17031824119,2001,92,33,1968,0,92
17031824120,3306,144,31,3275,29,115
17031824121,1140,102,60,1080,21,81
17031824122,2162,160,0,2162,43,117
17031824123,2509,323,127,2382,23,300
17031824300,1011,609,315,696,368,241
17031824400,662,143,45,617,40,103
17031824503,2734,172,193,2541,56,116
17031824505,2294,187,98,2196,42,145
17031824506,3169,60,14,3155,13,47
17031824507,1510,232,66,1444,123,109
17031824601,1591,108,156,1435,0,108
17031824602,2148,241,51,2097,153,88
17031824701,1258,138,76,1182,89,49
17031824702,1663,357,166,1497,174,183
17031824800,1794,493,261,1533,219,274
17031824900,883,225,236,647,157,68
17031825000,1719,226,117,1602,120,106
17031825200,673,14,24,649,10,4
17031825302,2204,130,180,2024,13,117
17031825303,1379,138,90,1289,14,124
17031825304,1522,119,28,1494,60,59
17031825400,2016,203,24,1992,89,114
17031825501,1756,241,259,1497,79,162
17031825503,2243,381,94,2149,177,204
17031825504,1377,58,253,1124,30,28
17031825505,1610,271,155,1455,64,207
17031825600,1366,297,394,972,151,146
17031825700,1103,354,147,956,196,158
17031825801,1058,283,178,880,154,129
17031825802,2013,193,552,1461,131,62
17031825803,2046,395,512,1534,209,186
17031825900,971,191,132,839,164,27
17031826000,736,132,180,556,60,72
17031826100,1790,361,599,1191,208,153
17031826201,1541,309,140,1401,140,169
17031826202,1403,568,256,1147,292,276
17031826301,1182,242,157,1025,88,154
17031826303,1180,176,157,1023,54,122
17031826304,841,339,133,708,178,161
17031826401,1167,211,238,929,97,114
17031826402,1333,267,262,1071,182,85
17031826500,1423,590,305,1118,382,208
17031826600,1615,551,339,1276,329,222
17031826700,1476,607,386,1090,315,292
17031826800,1221,464,219,1002,192,272
17031826901,439,228,179,260,120,108
17031826902,359,203,115,244,77,126
17031827000,963,377,179,784,165,212
17031827100,693,368,169,524,232,136
17031827200,1058,368,276,782,196,172
17031827300,605,362,168,437,227,135
17031827400,1089,602,301,788,369,233
17031827500,1287,412,245,1042,217,195
17031827600,945,249,96,849,208,41
17031827700,676,242,98,578,165,77
17031827801,1320,216,255,1065,105,111
17031827802,909,111,51,858,0,111
17031827804,1045,121,67,978,17,104
17031827805,966,57,85,881,8,49
17031827901,757,81,68,689,30,51
17031827902,1464,353,187,1277,254,99
17031828000,1578,354,147,1431,217,137
17031828100,1629,279,87,1542,152,127
17031828201,1554,116,230,1324,11,105
17031828202,1644,179,149,1495,105,74
17031828300,1206,180,43,1163,39,141
17031828401,1377,123,48,1329,26,97
17031828402,1694,97,265,1429,13,84
17031828503,1149,284,277,872,156,128
17031828504,1533,407,257,1276,212,195
17031828505,2338,281,182,2156,106,175
17031828506,2811,399,456,2355,136,263
17031828601,1448,89,30,1418,44,45
17031828602,1407,79,78,1329,31,48
17031828701,1184,154,90,1094,23,131
17031828702,1471,253,215,1256,82,171
17031828801,1705,122,79,1626,23,99
17031828802,1180,27,105,1075,1,26
17031828900,742,410,70,672,251,159
17031829000,225,222,84,141,171,51
17031829100,746,450,197,549,288,162
17031829200,1617,273,142,1475,75,198
17031829301,1210,260,93,1117,92,168
17031829302,686,476,105,581,193,283
17031829401,305,138,82,223,77,61
17031829402,1251,189,189,1062,116,73
17031829500,1055,426,55,1000,205,221
17031829600,1000,213,102,898,71,142
17031829700,1087,402,300,787,276,126
17031829800,2373,112,62,2311,34,78
17031829901,3104,286,224,2880,59,227
17031829902,2261,260,173,2088,163,97
17031830001,1009,127,118,891,21,106
17031830003,2689,201,165,2524,39,162
17031830004,2144,243,218,1926,29,214
17031830005,1668,44,33,1635,0,44
17031830006,995,182,117,878,89,93
17031830007,1304,388,215,1089,256,132
17031830008,1366,67,157,1209,23,44
17031830100,928,72,174,754,21,51
17031830201,1770,486,204,1566,189,297
17031830202,978,89,95,883,55,34
17031830300,1695,454,175,1520,239,215
17031830400,1315,266,202,1113,165,101
17031830500,805,298,90,715,178,120
17031830600,1566,340,197,1369,208,132
17031830700,1423,326,73,1350,239,87
17031830800,1320,88,19,1301,19,69
17031830900,1235,45,73,1162,10,35
17031831000,1056,15,0,1056,0,15
17031831100,2503,177,91,2412,16,161
17031831200,1098,298,131,967,129,169
17031831300,294,71,79,215,53,18
17031831400,768,213,175,593,118,95
17031831500,1026,161,90,936,86,75
17031831600,2080,257,406,1674,144,113
17031831700,626,138,100,526,70,68
17031831800,1768,408,223,1545,196,212
17031831900,1281,65,0,1281,0,65
17031832000,729,93,10,719,0,93
17031832100,1644,182,24,1620,56,126
17031832200,1407,71,0,1407,9,62
17031832300,839,52,13,826,4,48
17031832400,1133,58,29,1104,17,41
17031832500,1235,173,50,1185,111,62
17031832600,1586,85,9,1577,0,85
17031832900,543,332,0,543,34,298
17031833000,1981,396,24,1957,154,242
17031833100,3296,423,99,3197,198,225
17031833300,616,332,5,611,56,276
17031833900,521,273,140,381,213,60
17031834000,756,360,251,505,186,174
17031834200,1273,361,454,819,264,97
17031834300,1930,602,173,1757,387,215
17031834400,1286,340,374,912,259,81
17031834500,331,162,119,212,141,21
17031834600,665,235,159,506,173,62
17031834700,324,217,104,220,176,41
17031834800,394,325,89,305,223,102
17031834900,414,312,126,288,243,69
17031835000,1290,639,392,898,445,194
17031835100,1055,302,336,719,136,166
17031835200,635,41,97,538,27,14
17031835500,415,289,154,261,264,25
17031835600,299,67,91,208,38,29
17031835700,108,46,48,60,0,46
17031835800,472,178,79,393,161,17
17031835900,838,642,181,657,484,158
17031836000,702,236,164,538,168,68
17031836100,506,258,213,293,209,49
17031836200,103,23,0,103,0,23
17031836300,509,153,32,477,67,86
17031836400,1160,614,249,911,388,226
17031836500,513,152,162,351,145,7
17031836600,724,180,159,565,163,17
17031836700,539,345,160,379,215,130
17031836800,311,515,111,200,403,112
17031836900,267,182,89,178,112,70
17031837000,412,342,94,318,321,21
17031837100,509,227,38,471,145,82
17031837300,545,203,136,409,139,64
17031837400,479,223,133,346,201,22
17031837800,705,244,96,609,129,115
17031838000,767,452,166,601,301,151
17031838100,620,511,115,505,329,182
17031838200,287,100,26,261,5,95
17031838300,548,118,59,489,46,72
17031838600,296,260,89,207,203,57
17031838700,865,685,436,429,445,240
17031838800,661,470,114,547,381,89
17031839000,4176,613,53,4123,142,471
17031839100,3320,350,52,3268,15,335
17031839200,1097,278,119,978,101,177
17031839500,420,275,76,344,167,108
17031839600,659,100,101,558,75,25
17031839700,1498,331,111,1387,172,159
17031839800,999,191,31,968,41,150
17031839900,1541,289,101,1440,185,104
17031840000,898,112,105,793,75,37
17031840100,899,169,132,767,60,109
17031840200,705,131,102,603,48,83
17031840300,962,249,160,802,96,153
17031840400,868,300,10,858,145,155
17031840700,837,245,118,719,154,91
17031840800,577,242,146,431,166,76
17031841000,459,107,21,438,61,46
17031841100,1884,903,404,1480,598,305
17031841200,1431,279,255,1176,186,93
17031841300,1153,346,87,1066,98,248
17031841400,285,129,46,239,69,60
17031841500,625,321,198,427,211,110
17031841600,141,93,40,101,42,51
17031841700,452,256,143,309,179,77
17031841800,687,203,221,466,130,73
17031841900,1544,55,11,1533,0,55
17031842000,309,49,20,289,9,40
17031842100,1534,594,502,1032,388,206
17031842200,1724,199,169,1555,96,103
17031842300,1420,24,31,1389,10,14
17031842400,967,283,192,775,145,138
17031842500,319,506,159,160,426,80
17031842600,1225,207,180,1045,39,168
17031842800,1350,686,182,1168,353,333
17031842900,726,422,200,526,271,151
17031843000,500,427,256,244,330,97
17031843100,290,215,99,191,103,112
17031843200,705,169,71,634,91,78
17031843300,309,133,98,211,80,53
17031843400,385,122,79,306,97,25
17031843500,205,90,42,163,31,59
17031843600,1033,320,256,777,223,97
17031843700,910,75,32,878,45,30
17031843800,509,115,104,405,95,20
17031843900,1536,442,228,1308,257,185
17031980000,0,0,0,0,0,0
17031980100,0,0,0,0,0,0
17031990000,0,0,0,0,0,0